Results from heasarc_atnfpulsar: ATNF Pulsar Catalog
Coordinate system:  Equatorial
P > 0.01,  tau < 500 kyr,  distance > 0.08,  Edot > 5*10^32 
| SizeKnown | Detected    | name           | ra            | dec           | lii    | bii    | period           | period_dot  | distance | age      | e_dot   | size
| 0	    | 0 	  | PSR J0100-7211 | 01 00 43.0300 | -72 11 33.600 | 301.93 | -44.92 | 8.020392         | 1.88000e-11 |    59.70 | 6.76e+03 | 1.4e+33 | 0.0
| 0	    | 0 	  | PSR J0456-7031 | 04 56 02.5000 | -70 31 06.600 | 282.05 | -34.97 | 0.80013207321    | 3.67000e-14 |    49.70 | 3.45e+05 | 2.8e+33 | 0.0
| 0	    | 0 	  | PSR J0455-6951 | 04 55 47.5500 | -69 51 34.300 | 281.29 | -35.19 | 0.320422711526   | 1.02119e-14 |    49.70 | 4.97e+05 | 1.2e+34 | 0.0
| 0	    | 0 	  | PSR J0535-6935 | 05 35 00.0000 | -69 35 00.000 | 280.08 | -31.94 | 0.20051133       | 1.15000e-14 |    49.70 | 2.76e+05 | 5.6e+34 | 0
| 0	    | 0 	  | PSR J0540-6919 | 05 40 11.2020 | -69 19 54.170 | 279.72 | -31.52 | 0.0505697030222  | 4.78909e-13 |    49.70 | 1.67e+03 | 1.5e+38 | 0
| 0	    | 0 	  | PSR J0537-6910 | 05 37 47.4160 | -69 10 19.880 | 279.56 | -31.74 | 0.0161222220245  | 5.17843e-14 |    49.70 | 4.93e+03 | 4.9e+38 | 0
| 0	    | 0 	  | PSR J0534-6703 | 05 34 36.1700 | -67 03 48.800 | 277.13 | -32.28 | 1.81756503106    | 4.25050e-13 |    49.70 | 6.78e+04 | 2.8e+33 | 0
| 0	    | 0 	  | PSR J0502-6617 | 05 02 50.5300 | -66 17 58.800 | 276.87 | -35.50 | 0.69125141818    | 2.30900e-14 |    49.70 | 4.74e+05 | 2.8e+33 | 0
| 1	    | 1 	  | PSR J1357-6429 | 13 57 02.4300 | -64 29 30.200 | 309.92 |  -2.51 | 0.166108327507   | 3.60184e-13 |     3.10 | 7.31e+03 | 3.1e+36 | 15.2
| 0	    | 0 	  | PSR J1327-6400 | 13 27 10.2700 | -64 00 13.100 | 306.84 |  -1.40 | 0.280677974168   | 3.11770e-14 |    12.98 | 1.43e+05 | 5.6e+34 | 0
| 0	    | 0 	  | PSR J1302-6350 | 13 02 47.6383 | -63 50 08.629 | 304.18 |  -0.99 | 0.0477625075     | 2.27870e-15 |     2.30 | 3.32e+05 | 8.3e+35 | 0
| 0	    | 0 	  | PSR J1248-6344 | 12 48 46.3600 | -63 44 09.600 | 302.64 |  -0.87 | 0.198335136357   | 1.69180e-14 |    10.70 | 1.86e+05 | 8.6e+34 | 0
| 0	    | 0 	  | PSR J1400-6325 | 14 00 45.6900 | -63 25 42.600 | 310.59 |  -1.59 | 0.0311816011     | 3.89000e-14 |     7.00 | 1.27e+04 | 5.1e+37 | 0
| 0	    | 0 	  | PSR J1301-6310 | 13 01 28.3000 | -63 10 40.500 | 304.06 |  -0.33 | 0.66382964770    | 5.64330e-14 |     1.46 | 1.86e+05 | 7.6e+33 | 0
| 1	    | 1 	  | PSR J1301-6305 | 13 01 45.7600 | -63 05 33.900 | 304.10 |  -0.24 | 0.18452809509    | 2.66747e-13 |    10.72 | 1.10e+04 | 1.7e+36 | 31.1
| 0	    | 0 	  | PSR J1216-6223 | 12 16 41.8900 | -62 23 57.800 | 298.92 |   0.20 | 0.37404678583    | 1.68190e-14 |    18.27 | 3.52e+05 | 1.3e+34 | 0
| 0	    | 0 	  | PSR J1327-6222 | 13 27 17.4000 | -62 22 44.600 | 307.07 |   0.20 | 0.52991319210    | 1.88787e-14 |     4.00 | 4.45e+05 | 5.0e+33 | 0
| 0	    | 0 	  | PSR J1341-6220 | 13 41 42.6300 | -62 20 20.700 | 308.73 |  -0.03 | 0.193339746306   | 2.53107e-13 |    12.60 | 1.21e+04 | 1.4e+36 | 0
| 0	    | 0 	  | PSR J1144-6217 | 11 44 02.1100 | -62 17 30.300 | 295.19 |  -0.44 | 0.85066494337    | 3.08350e-14 |     2.65 | 4.37e+05 | 2.0e+33 | 0
| 0	    | 0 	  | PSR J1224-6208 | 12 24 44.2500 | -62 08 41.100 | 299.82 |   0.57 | 0.58576120812    | 2.01960e-14 |     9.88 | 4.60e+05 | 4.0e+33 | 0
| 0	    | 0 	  | PSR J1138-6207 | 11 38 21.6200 | -62 07 59.300 | 294.51 |  -0.46 | 0.117563794023   | 1.24784e-14 |     7.20 | 1.49e+05 | 3.0e+35 | 0
| 0	    | 0 	  | PSR J1413-6205 | 14 13 29.9000 | -62 05 38.000 | 312.37 |  -0.74 | 0.10974069969    | 2.76800e-14 |     2.15 | 6.28e+04 | 8.3e+35 | 0
| 0	    | 0 	  | PSR J1305-6203 | 13 05 20.9000 | -62 03 21.600 | 304.56 |   0.77 | 0.42776184224    | 3.21400e-14 |    11.60 | 2.11e+05 | 1.6e+34 | 0
| 0	    | 0 	  | PSR J1412-6145 | 14 12 07.6900 | -61 45 28.800 | 312.32 |  -0.37 | 0.315224970657   | 9.86598e-14 |     7.12 | 5.06e+04 | 1.2e+35 | 0
| 0	    | 0 	  | PSR J1107-6143 | 11 07 12.3000 | -61 43 59.000 | 290.92 |  -1.32 | 1.7993956675     | 1.55800e-13 |     2.94 | 1.83e+05 | 1.1e+33 | 0
| 0	    | 0 	  | PSR J1413-6141 | 14 13 09.8700 | -61 41 13.000 | 312.46 |  -0.34 | 0.28562462018    | 3.33440e-13 |     8.49 | 1.36e+04 | 5.6e+35 | 0
| 0	    | 0 	  | PSR J1410-6132 | 14 10 24.0000 | -61 32 00.000 | 312.20 |  -0.09 | 0.0500519462     | 3.20000e-14 |    13.51 | 2.48e+04 | 1.0e+37 | 0
| 1	    | 1 	  | PSR J1119-6127 | 11 19 14.3000 | -61 27 49.500 | 292.15 |  -0.54 | 0.40796298356    | 4.02022e-12 |     8.40 | 1.61e+03 | 2.3e+36 | 21.1
| 0	    | 0 	  | PSR J1406-6121 | 14 06 50.0400 | -61 21 27.900 | 311.84 |   0.20 | 0.213074653776   | 5.47010e-14 |     7.30 | 6.17e+04 | 2.2e+35 | 0
| 0	    | 0 	  | PSR J1043-6116 | 10 43 55.2900 | -61 16 50.800 | 288.22 |  -2.11 | 0.288601695277   | 1.04040e-14 |     3.06 | 4.40e+05 | 1.7e+34 | 0
| 0	    | 0 	  | PSR J1151-6108 | 11 51 56.8600 | -61 08 17.600 | 295.81 |   0.91 | 0.101633196293   | 1.02784e-14 |     2.22 | 1.57e+05 | 3.9e+35 | 0
| 0	    | 0 	  | PSR J1105-6107 | 11 05 26.1700 | -61 07 51.400 | 290.49 |  -0.85 | 0.063192941526   | 1.58266e-14 |     2.36 | 6.33e+04 | 2.5e+36 | 0
| 0	    | 0 	  | PSR J1112-6103 | 11 12 14.8100 | -61 03 31.100 | 291.22 |  -0.46 | 0.064961851894   | 3.14596e-14 |     4.50 | 3.27e+04 | 4.5e+36 | 0
| 0	    | 0 	  | PSR J1101-6101 | 11 01 44.9600 | -61 01 39.600 | 290.04 |  -0.93 | 0.062800077      | 8.60000e-15 |     7.00 | 1.16e+05 | 1.4e+36 | 0
| 0	    | 0 	  | PSR J1114-6100 | 11 14 22.5200 | -61 00 34.200 | 291.44 |  -0.32 | 0.88081962549    | 4.60876e-14 |     5.48 | 3.03e+05 | 2.7e+33 | 0
| 1	    | 1 	  | PSR J1418-6058 | 14 18 42.7000 | -60 57 49.000 | 313.32 |   0.13 | 0.110573011690   | 1.69394e-13 |     1.89 | 1.03e+04 | 4.9e+36 | 14.2
| 0	    | 0 	  | PSR J1459-6053 | 14 59 29.9900 | -60 53 20.700 | 317.89 |  -1.79 | 0.103150638274   | 2.52704e-14 |     1.84 | 6.47e+04 | 9.1e+35 | 0
| 1	    | 1 	  | PSR J1420-6048 | 14 20 08.2370 | -60 48 16.430 | 313.54 |   0.23 | 0.06817987659    | 8.31670e-14 |     5.63 | 1.30e+04 | 1.0e+37 | 11.9
| 0	    | 0 	  | PSR J1359-6038 | 13 59 58.2200 | -60 38 08.000 | 311.24 |   1.13 | 0.12750077685    | 6.33850e-15 |     5.00 | 3.19e+05 | 1.2e+35 | 0
| 0	    | 0 	  | PSR J1055-6028 | 10 55 39.1900 | -60 28 37.500 | 289.13 |  -0.75 | 0.099660833480   | 2.95322e-14 |     3.83 | 5.35e+04 | 1.2e+36 | 0
| 0	    | 0 	  | PSR J1020-6026 | 10 20 11.4000 | -60 26 06.800 | 285.30 |  -2.85 | 0.140479910179   | 6.73860e-15 |     3.26 | 3.30e+05 | 9.6e+34 | 0
| 0	    | 0 	  | PSR J1055-6022 | 10 55 48.5000 | -60 22 52.000 | 289.11 |  -0.65 | 0.9475584093     | 9.23900e-14 |     3.60 | 1.62e+05 | 4.3e+33 | 0
| 0	    | 0 	  | PSR J1437-5959 | 14 37 01.9100 | -59 59 01.400 | 315.78 |   0.23 | 0.0616961234035  | 8.58700e-15 |     8.55 | 1.14e+05 | 1.4e+36 | 0
| 0	    | 0 	  | PSR J1052-5954 | 10 52 38.1100 | -59 54 44.100 | 288.55 |  -0.40 | 0.180591500693   | 1.99831e-14 |     3.14 | 1.43e+05 | 1.3e+35 | 0
| 0	    | 0 	  | PSR J1050-5953 | 10 50 07.1200 | -59 53 21.400 | 288.26 |  -0.52 | 6.4520766        | 3.80900e-11 |     9.00 | 2.68e+03 | 5.6e+33 | 0
| 0	    | 0 	  | PSR J1429-5935 | 14 29 25.9000 | -59 35 58.900 | 315.05 |   0.95 | 0.76391483053    | 4.27510e-14 |     7.69 | 2.83e+05 | 3.8e+33 | 0
| 0	    | 0 	  | PSR J1020-5921 | 10 20 14.0300 | -59 21 34.000 | 284.72 |  -1.94 | 1.23830534423    | 4.04700e-14 |     0.94 | 4.85e+05 | 8.4e+32 | 0
| 0	    | 0 	  | PSR J1124-5916 | 11 24 39.0000 | -59 16 19.000 | 292.04 |   1.75 | 0.13547685441    | 7.52566e-13 |     5.00 | 2.85e+03 | 1.2e+37 | 0
| 0	    | 0 	  | PSR J1429-5911 | 14 29 58.6000 | -59 11 36.600 | 315.26 |   1.30 | 0.11584261008    | 3.05000e-14 |     1.95 | 6.02e+04 | 7.7e+35 | 0
| 1	    | 1 	  | PSR J1513-5908 | 15 13 55.6200 | -59 08 09.000 | 320.32 |  -1.16 | 0.15125125831483 | 1.53147e-12 |     4.40 | 1.56e+03 | 1.7e+37 | 16.8
| 1	    | 1 	  | PSR J1016-5857 | 10 16 21.1600 | -58 57 12.100 | 284.08 |  -1.88 | 0.1073864584588  | 8.08342e-14 |     3.16 | 2.10e+04 | 2.6e+36 | 31.7
| 0	    | 0 	  | PSR J1452-5851 | 14 52 52.5800 | -58 51 13.300 | 318.09 |   0.40 | 0.38662501748    | 5.07060e-14 |     4.50 | 1.21e+05 | 3.5e+34 | 0
| 0	    | 0 	  | PSR J1509-5850 | 15 09 27.1300 | -58 50 56.100 | 319.97 |  -0.62 | 0.088921760489   | 9.16980e-15 |     3.37 | 1.54e+05 | 5.1e+35 | 0
| 0	    | 0 	  | PSR J1048-5832 | 10 48 12.2000 | -58 32 05.800 | 287.42 |   0.58 | 0.123670657887   | 9.63190e-14 |     2.90 | 2.03e+04 | 2.0e+36 | 0
| 0	    | 0 	  | PSR J1502-5828 | 15 02 43.8000 | -58 28 42.000 | 319.39 |   0.13 | 0.66810515091    | 3.64000e-14 |     7.09 | 2.91e+05 | 4.8e+33 | 0
| 0	    | 0 	  | PSR J1524-5819 | 15 24 24.6500 | -58 19 14.100 | 321.91 |  -1.20 | 0.96104262694    | 1.26016e-13 |     7.54 | 1.21e+05 | 5.6e+33 | 0
| 1	    | 1 	  | PSR J1028-5819 | 10 28 28.0000 | -58 19 05.200 | 285.06 |  -0.50 | 0.0914032309     | 1.61000e-14 |     1.42 | 9.00e+04 | 8.3e+35 | 8.0
| 0	    | 0 	  | PSR J1022-5813 | 10 22 28.1000 | -58 13 30.000 | 284.35 |  -0.83 | 1.6437260020     | 1.45400e-13 |     4.24 | 1.79e+05 | 1.3e+33 | 0
| 0	    | 0 	  | PSR J1512-5759 | 15 12 43.0260 | -57 59 59.800 | 320.77 |  -0.11 | 0.128694148448   | 6.85121e-15 |     6.84 | 2.98e+05 | 1.3e+35 | 0
| 0	    | 0 	  | PSR J1558-5756 | 15 58 30.5300 | -57 56 26.100 | 325.73 |  -3.60 | 1.12234168628    | 1.86406e-13 |     3.32 | 9.54e+04 | 5.2e+33 | 0
| 0	    | 0 	  | PSR J1019-5749 | 10 19 52.1400 | -57 49 05.900 | 283.84 |  -0.68 | 0.162498709997   | 2.00770e-14 |    10.91 | 1.28e+05 | 1.8e+35 | 0
| 1	    | 1 	  | PSR J1023-5746 | 10 23 02.9000 | -57 46 05.000 | 284.17 |  -0.41 | 0.11147243434    | 3.83749e-13 |     2.08 | 4.60e+03 | 1.1e+37 | 35.0
| 0	    | 0 	  | PSR J1044-5737 | 10 44 32.8000 | -57 37 19.300 | 286.57 |   1.16 | 0.13902889110    | 5.46280e-14 |     1.90 | 4.03e+04 | 8.0e+35 | 0
| 0	    | 0 	  | PSR J1015-5719 | 10 15 37.9600 | -57 19 12.800 | 283.09 |  -0.58 | 0.139881677595   | 5.73680e-14 |     2.73 | 3.86e+04 | 8.3e+35 | 0
| 0	    | 0 	  | PSR J1156-5707 | 11 56 07.4500 | -57 07 01.900 | 295.45 |   4.95 | 0.288409420325   | 2.64510e-14 |     2.85 | 1.73e+05 | 4.4e+34 | 0
| 0	    | 0 	  | PSR J1524-5706 | 15 24 21.4300 | -57 06 35.000 | 322.57 |  -0.19 | 1.11604861927    | 3.56470e-13 |     7.44 | 4.96e+04 | 1.0e+34 | 0
| 0	    | 0 	  | PSR J0942-5657 | 09 42 54.4620 | -56 57 43.440 | 279.35 |  -2.99 | 0.808127417142   | 3.96284e-14 |     0.41 | 3.23e+05 | 3.0e+33 | 0
| 0	    | 0 	  | PSR J1524-5625 | 15 24 49.8600 | -56 25 23.400 | 323.00 |   0.35 | 0.078218548881   | 3.89500e-14 |     3.38 | 3.18e+04 | 3.2e+36 | 0
| 0	    | 0 	  | PSR J1531-5610 | 15 31 27.9100 | -56 10 55.000 | 323.90 |   0.03 | 0.0842016828855  | 1.37406e-14 |     2.84 | 9.71e+04 | 9.1e+35 | 0
| 0	    | 0 	  | PSR J1548-5607 | 15 48 44.0300 | -56 07 33.900 | 325.86 |  -1.36 | 0.170933992695   | 1.07360e-14 |     5.70 | 2.52e+05 | 8.5e+34 | 0
| 0	    | 0 	  | PSR J0942-5552 | 09 42 15.8300 | -55 52 52.300 | 278.57 |  -2.23 | 0.66436748807    | 2.28540e-14 |     0.30 | 4.61e+05 | 3.1e+33 | 0
| 0	    | 0 	  | PSR J1541-5535 | 15 41 49.6000 | -55 35 01.000 | 325.42 |  -0.34 | 0.29583755345    | 7.50200e-14 |     5.16 | 6.25e+04 | 1.1e+35 | 0
| 0	    | 0 	  | PSR J1001-5507 | 10 01 37.9800 | -55 07 06.700 | 280.23 |   0.08 | 1.43658262920    | 5.13960e-14 |     0.30 | 4.43e+05 | 6.8e+32 | 0
| 0	    | 0 	  | PSR J1543-5459 | 15 43 56.2500 | -54 59 13.700 | 326.02 |  -0.04 | 0.37711856263    | 5.20180e-14 |     4.66 | 1.15e+05 | 3.8e+34 | 0
| 0	    | 0 	  | PSR J0954-5430 | 09 54 06.0400 | -54 30 53.500 | 279.00 |  -0.10 | 0.472834279266   | 4.39120e-14 |     0.43 | 1.71e+05 | 1.6e+34 | 0
| 0	    | 0 	  | PSR J0940-5428 | 09 40 58.2200 | -54 28 40.600 | 277.51 |  -1.29 | 0.087545204308   | 3.28683e-14 |     0.38 | 4.22e+04 | 1.9e+36 | 0
| 0	    | 0 	  | PSR J1550-5418 | 15 50 54.1239 | -54 18 24.114 | 327.24 |  -0.13 | 2.06983302       | 2.31800e-11 |     4.00 | 1.41e+03 | 1.0e+35 | 0
| 0	    | 0 	  | PSR J1320-5359 | 13 20 53.9220 | -53 59 06.380 | 307.30 |   8.64 | 0.279729147244   | 9.25430e-15 |     2.20 | 4.79e+05 | 1.7e+34 | 0
| 0	    | 0 	  | PSR J1601-5335 | 16 01 54.9100 | -53 35 43.200 | 328.94 |  -0.63 | 0.288456511543   | 6.23710e-14 |     3.58 | 7.33e+04 | 1.0e+35 | 0
| 0	    | 0 	  | PSR J1551-5310 | 15 51 41.2500 | -53 10 59.600 | 328.03 |   0.67 | 0.453394164640   | 1.95130e-13 |     5.88 | 3.68e+04 | 8.3e+34 | 0
| 0	    | 0 	  | PSR J1542-5303 | 15 42 54.5100 | -53 03 41.000 | 327.07 |   1.58 | 1.20756776526    | 7.78000e-14 |     5.37 | 2.46e+05 | 1.7e+33 | 0
| 0	    | 0 	  | PSR J0924-5302 | 09 24 08.6900 | -53 02 44.200 | 274.71 |  -1.93 | 0.74629520954    | 3.54770e-14 |     0.51 | 3.33e+05 | 3.4e+33 | 0
| 0	    | 0 	  | PSR J1613-5211 | 16 13 42.4600 | -52 11 21.000 | 331.20 |  -0.78 | 0.45750181782    | 1.92310e-14 |     4.71 | 3.77e+05 | 7.9e+33 | 0
| 0	    | 0 	  | PSR J0905-5127 | 09 05 51.9220 | -51 27 48.710 | 271.63 |  -2.85 | 0.346287436779   | 2.48980e-14 |     1.33 | 2.20e+05 | 2.4e+34 | 0
| 0	    | 0 	  | PSR J1602-5100 | 16 02 18.7000 | -51 00 06.100 | 330.69 |   1.28 | 0.86422735995    | 6.95800e-14 |     8.00 | 1.97e+05 | 4.3e+33 | 0
| 1	    | 1 	  | PSR J1617-5055 | 16 17 29.3000 | -50 55 13.200 | 332.50 |  -0.28 | 0.069356847      | 1.35100e-13 |     4.74 | 8.13e+03 | 1.6e+37 | 42.3
| 0	    | 0 	  | PSR J1614-5048 | 16 14 11.2900 | -50 48 03.500 | 332.21 |   0.17 | 0.23169383623    | 4.94943e-13 |     5.15 | 7.42e+03 | 1.6e+36 | 0
| 0	    | 0 	  | PSR J1616-5017 | 16 16 29.8900 | -50 17 14.900 | 332.83 |   0.29 | 0.491384121830   | 4.65920e-14 |     3.48 | 1.67e+05 | 1.6e+34 | 0
| 0	    | 0 	  | PSR J1622-4950 | 16 22 44.8000 | -49 50 54.400 | 333.85 |  -0.10 | 4.327020261      | 2.77610e-12 |     5.57 | 2.47e+04 | 1.4e+33 | 0
| 0	    | 0 	  | PSR J0922-4949 | 09 22 14.9610 | -49 49 12.080 | 272.24 |   0.16 | 0.950288537028   | 9.75690e-14 |     2.70 | 1.54e+05 | 4.5e+33 | 0
| 0	    | 0 	  | PSR J1623-4949 | 16 23 54.8000 | -49 49 04.000 | 334.00 |  -0.21 | 0.72573215540    | 4.20900e-14 |     3.36 | 2.73e+05 | 4.3e+33 | 0
| 0	    | 0 	  | PSR J0908-4913 | 09 08 35.5300 | -49 13 06.500 | 270.27 |  -1.02 | 0.10675459250    | 1.51510e-14 |     1.00 | 1.12e+05 | 4.9e+35 | 0
| 0	    | 0 	  | PSR J1625-4904 | 16 25 18.0500 | -49 04 33.600 | 334.69 |   0.14 | 0.46033949229    | 1.67620e-14 |     5.25 | 4.35e+05 | 6.8e+33 | 0
| 0	    | 0 	  | PSR J1549-4848 | 15 49 21.1540 | -48 48 37.440 | 330.49 |   4.30 | 0.288346763122   | 1.41089e-14 |     1.31 | 3.24e+05 | 2.3e+34 | 0
| 0	    | 0 	  | PSR J1632-4818 | 16 32 39.7400 | -48 18 52.600 | 336.08 |  -0.21 | 0.81345283358    | 6.50425e-13 |     5.31 | 1.98e+04 | 4.8e+34 | 0
| 0	    | 0 	  | PSR J1626-4807 | 16 26 42.5000 | -48 07 54.000 | 335.53 |   0.64 | 0.29392818864    | 1.74760e-14 |     7.51 | 2.66e+05 | 2.7e+34 | 0
| 0	    | 0 	  | PSR J1633-4805 | 16 33 05.4000 | -48 05 36.000 | 336.29 |  -0.11 | 0.71083007880    | 7.68930e-14 |     6.17 | 1.46e+05 | 8.5e+33 | 0
| 0	    | 0 	  | PSR J1632-4757 | 16 32 16.7200 | -47 57 34.300 | 336.30 |   0.08 | 0.228564097816   | 1.50749e-14 |     4.84 | 2.40e+05 | 5.0e+34 | 0
| 0	    | 0 	  | PSR J1003-4747 | 10 03 21.5800 | -47 47 02.000 | 276.04 |   6.12 | 0.30707169975    | 2.20737e-14 |     0.37 | 2.20e+05 | 3.0e+34 | 0
| 0	    | 0 	  | PSR J1731-4744 | 17 31 42.1030 | -47 44 34.560 | 342.57 |  -7.67 | 0.82982878524    | 1.63626e-13 |     5.54 | 8.04e+04 | 1.1e+34 | 0
| 0	    | 0 	  | PSR J1630-4733 | 16 30 37.4700 | -47 33 05.000 | 336.40 |   0.56 | 0.57597141155    | 2.22870e-14 |     4.99 | 4.09e+05 | 4.6e+33 | 0
| 0	    | 0 	  | PSR J1640-4715 | 16 40 13.1900 | -47 15 35.300 | 337.71 |  -0.44 | 0.51740483467    | 4.20266e-14 |     4.91 | 1.95e+05 | 1.2e+34 | 0
| 0	    | 0 	  | PSR J1649-4653 | 16 49 24.5000 | -46 53 09.000 | 339.02 |  -1.38 | 0.55701875796    | 4.97400e-14 |     4.96 | 1.77e+05 | 1.1e+34 | 0
| 0	    | 0 	  | PSR J0855-4644 | 08 55 36.1800 | -46 44 13.400 | 266.97 |  -1.00 | 0.0646861308252  | 7.26269e-15 |     5.64 | 1.41e+05 | 1.1e+36 | 0
| 0	    | 0 	  | PSR J1637-4642 | 16 37 13.7700 | -46 42 15.000 | 337.79 |   0.31 | 0.154027427712   | 5.92040e-14 |     4.41 | 4.12e+04 | 6.4e+35 | 0
| 1	    | 1 	  | PSR J1640-4631 | 16 40 43.5200 | -46 31 35.400 | 338.32 |  -0.02 | 0.2064430480     | 9.76000e-13 |    12.75 | 3.35e+03 | 4.4e+36 | 37.7
| 0	    | 0 	  | PSR J0901-4624 | 09 01 40.1200 | -46 24 48.500 | 267.40 |  -0.00 | 0.441995130786   | 8.74940e-14 |     3.03 | 8.00e+04 | 4.0e+34 | 0
| 0	    | 0 	  | PSR J1632-4621 | 16 32 49.8130 | -46 21 48.600 | 337.53 |   1.10 | 1.70915449528    | 7.60200e-14 |    10.10 | 3.56e+05 | 6.0e+32 | 0
| 0	    | 0 	  | PSR J1648-4611 | 16 48 22.0200 | -46 11 16.000 | 339.44 |  -0.79 | 0.164949668359   | 2.37456e-14 |     4.46 | 1.10e+05 | 2.1e+35 | 0
| 0	    | 0 	  | PSR J1638-4608 | 16 38 22.9800 | -46 08 11.600 | 338.34 |   0.54 | 0.278137287280   | 5.15041e-14 |     4.57 | 8.56e+04 | 9.4e+34 | 0
| 0	    | 0 	  | PSR J1644-4559 | 16 44 49.2810 | -45 59 09.500 | 339.19 |  -0.19 | 0.455059775403   | 2.00902e-14 |     4.50 | 3.59e+05 | 8.4e+33 | 0
| 0	    | 0 	  | PSR J1643-4550 | 16 43 13.5200 | -45 50 54.500 | 339.12 |   0.10 | 0.717508089981   | 2.99740e-14 |     4.38 | 3.79e+05 | 3.2e+33 | 0
| 1	    | 1 	  | PSR J0835-4510 | 08 35 20.6115 | -45 10 34.875 | 263.55 |  -2.79 | 0.089328385024   | 1.25008e-13 |     0.28 | 1.13e+04 | 6.9e+36 | 4.4
| 0	    | 0 	  | PSR J1643-4505 | 16 43 36.9700 | -45 05 46.000 | 339.73 |   0.55 | 0.237383081875   | 3.18330e-14 |     4.74 | 1.18e+05 | 9.4e+34 | 0
| 0	    | 0 	  | PSR J1650-4502 | 16 50 32.3000 | -45 02 37.300 | 340.56 |  -0.35 | 0.38086979928    | 1.60610e-14 |     3.92 | 3.76e+05 | 1.1e+34 | 0
| 0	    | 0 	  | PSR J1636-4440 | 16 36 16.5300 | -44 40 25.000 | 339.18 |   1.80 | 0.20664850874    | 4.67150e-14 |    12.46 | 7.01e+04 | 2.1e+35 | 0
| 1	    | 1 	  | PSR J1709-4429 | 17 09 42.7280 | -44 29 08.240 | 343.10 |  -2.69 | 0.102459245929   | 9.29845e-14 |     2.60 | 1.75e+04 | 3.4e+36 | 19.2
| 0	    | 0 	  | PSR J0857-4424 | 08 57 55.1590 | -44 24 10.320 | 265.46 |   0.82 | 0.326774210079   | 2.33439e-14 |     2.83 | 2.22e+05 | 2.6e+34 | 0
| 0	    | 0 	  | PSR J1646-4346 | 16 46 51.3000 | -43 46 38.000 | 341.11 |   0.97 | 0.23160332930    | 1.12753e-13 |     6.25 | 3.25e+04 | 3.6e+35 | 0
| 0	    | 0 	  | PSR J1702-4310 | 17 02 26.9400 | -43 10 40.000 | 343.35 |  -0.85 | 0.24052386477    | 2.23776e-13 |     4.32 | 1.70e+04 | 6.3e+35 | 0
| 0	    | 0 	  | PSR J1658-4306 | 16 58 16.6000 | -43 06 50.000 | 342.93 |  -0.21 | 1.1664490044     | 4.27900e-14 |     5.25 | 4.32e+05 | 1.1e+33 | 0
| 0	    | 0 	  | PSR J1702-4306 | 17 02 27.2900 | -43 06 44.000 | 343.40 |  -0.81 | 0.215507334229   | 9.78520e-15 |     5.04 | 3.49e+05 | 3.9e+34 | 0
| 0	    | 0 	  | PSR J1654-4245 | 16 54 22.0800 | -42 45 39.000 | 342.76 |   0.57 | 1.1015546927     | 5.11500e-14 |    10.73 | 3.41e+05 | 1.5e+33 | 0
| 0	    | 0 	  | PSR J0834-4159 | 08 34 16.3000 | -41 59 51.000 | 260.89 |  -1.04 | 0.121116349354   | 4.43700e-15 |     5.51 | 4.32e+05 | 9.9e+34 | 0
| 0	    | 0 	  | PSR J1702-4128 | 17 02 52.5200 | -41 28 48.200 | 344.74 |   0.12 | 0.182135802939   | 5.23448e-14 |     3.97 | 5.51e+04 | 3.4e+35 | 0
| 0	    | 0 	  | PSR J1705-4108 | 17 05 20.4000 | -41 08 44.000 | 345.29 |  -0.04 | 0.8610674067     | 3.47100e-14 |     5.97 | 3.93e+05 | 2.1e+33 | 0
| 0	    | 0 	  | PSR J1708-4008 | 17 08 46.8700 | -40 08 52.440 | 346.48 |   0.04 | 11.0062624       | 1.96000e-11 |     3.80 | 8.90e+03 | 5.8e+32 | 0
| 0	    | 0 	  | PSR J1705-3950 | 17 05 29.8400 | -39 50 59.000 | 346.34 |   0.72 | 0.318941483436   | 6.06031e-14 |     3.43 | 8.34e+04 | 7.4e+34 | 0
| 0	    | 0 	  | PSR J1715-3903 | 17 15 14.3000 | -39 03 02.000 | 348.10 |  -0.32 | 0.27848105467    | 3.76880e-14 |     3.74 | 1.17e+05 | 6.9e+34 | 0
| 0	    | 0 	  | PSR J1713-3844 | 17 13 02.3000 | -38 44 29.000 | 348.10 |   0.21 | 1.6001140423     | 1.77410e-13 |     4.43 | 1.43e+05 | 1.7e+33 | 0
| 1	    | 1 	  | PSR J1718-3825 | 17 18 13.5650 | -38 25 18.060 | 348.95 |  -0.43 | 0.0746699205656  | 1.32217e-14 |     3.49 | 8.95e+04 | 1.3e+36 | 10.9
| 0	    | 0 	  | PSR J1714-3810 | 17 14 05.7400 | -38 10 30.900 | 348.68 |   0.37 | 3.824936         | 5.88000e-11 |    13.20 | 1.03e+03 | 4.1e+34 | 0
| 0	    | 0 	  | PSR J1718-3718 | 17 18 10.0000 | -37 18 53.000 | 349.85 |   0.22 | 3.3785742533     | 1.61359e-12 |     3.92 | 3.32e+04 | 1.7e+33 | 0
| 0	    | 0 	  | PSR J1733-3716 | 17 33 26.7628 | -37 16 55.230 | 351.58 |  -2.28 | 0.337593698481   | 1.50446e-14 |     3.15 | 3.56e+05 | 1.5e+34 | 0
| 0	    | 0 	  | PSR J1722-3712 | 17 22 59.1700 | -37 12 03.700 | 350.49 |  -0.51 | 0.236173191636   | 1.08545e-14 |     2.48 | 3.45e+05 | 3.3e+34 | 0
| 0	    | 0 	  | PSR J1723-3659 | 17 23 07.5800 | -36 59 13.900 | 350.68 |  -0.41 | 0.2027219378604  | 8.00750e-15 |     3.50 | 4.01e+05 | 3.8e+34 | 0
| 0	    | 0 	  | PSR J1721-3532 | 17 21 32.7780 | -35 32 49.600 | 351.69 |   0.67 | 0.280423858549   | 2.51862e-14 |     4.60 | 1.76e+05 | 4.5e+34 | 0
| 0	    | 0 	  | PSR J1726-3530 | 17 26 07.5100 | -35 29 58.000 | 352.25 |  -0.07 | 1.11013244403    | 1.21675e-12 |     4.72 | 1.45e+04 | 3.5e+34 | 0
| 0	    | 0 	  | PSR J1730-3350 | 17 30 32.5590 | -33 50 39.400 | 354.13 |   0.09 | 0.139460211250   | 8.48294e-14 |     3.49 | 2.60e+04 | 1.2e+36 | 0
| 0	    | 0 	  | PSR J1734-3333 | 17 34 26.9000 | -33 33 20.000 | 354.82 |  -0.43 | 1.169340685      | 2.27941e-12 |     4.46 | 8.13e+03 | 5.6e+34 | 0
| 0	    | 0 	  | PSR J1731-3322 | 17 31 14.3100 | -33 22 45.000 | 354.60 |   0.22 | 0.54467054719    | 2.80930e-14 |     5.54 | 3.07e+05 | 6.9e+33 | 0
| 0	    | 0 	  | PSR J1735-3258 | 17 35 56.9000 | -32 58 19.000 | 355.48 |  -0.38 | 0.35096322944    | 2.60800e-14 |     4.97 | 2.13e+05 | 2.4e+34 | 0
| 0	    | 0 	  | PSR J1743-3153 | 17 43 15.5650 | -31 53 05.300 | 357.22 |  -1.11 | 0.193105399932   | 1.05675e-14 |     8.86 | 2.90e+05 | 5.8e+34 | 0
| 0	    | 0 	  | PSR J1737-3137 | 17 37 04.2900 | -31 37 21.000 | 356.74 |   0.15 | 0.45043236999    | 1.38756e-13 |     4.16 | 5.14e+04 | 6.0e+34 | 0
| 0	    | 0 	  | PSR J1732-3131 | 17 32 33.5400 | -31 31 23.000 | 356.31 |   1.01 | 0.196543154965   | 2.80483e-14 |     0.64 | 1.11e+05 | 1.5e+35 | 0
| 0	    | 0 	  | PSR J1739-3131 | 17 39 24.3040 | -31 31 15.300 | 357.10 |  -0.22 | 0.52944098843    | 1.85836e-14 |     4.41 | 4.51e+05 | 4.9e+33 | 0
| 0	    | 0 	  | PSR J1737-3102 | 17 37 33.7300 | -31 02 00.500 | 357.30 |   0.37 | 0.76867227339    | 3.73340e-14 |     3.60 | 3.26e+05 | 3.2e+33 | 0
| 0	    | 0 	  | PSR J1740-3052 | 17 40 50.0010 | -30 52 04.300 | 357.81 |  -0.13 | 0.570313411724   | 2.55043e-14 |     4.75 | 3.54e+05 | 5.4e+33 | 0
| 0	    | 0 	  | PSR J1739-3023 | 17 39 39.8000 | -30 23 12.000 | 358.09 |   0.34 | 0.11436793182    | 1.14014e-14 |     3.07 | 1.59e+05 | 3.0e+35 | 0
| 0	    | 0 	  | PSR J1740-3015 | 17 40 33.8200 | -30 15 43.500 | 358.29 |   0.24 | 0.60688662425    | 4.66124e-13 |     0.40 | 2.06e+04 | 8.2e+34 | 0
| 0	    | 0 	  | PSR J1747-2958 | 17 47 15.8820 | -29 58 01.000 | 359.31 |  -0.84 | 0.0988139764825  | 6.13233e-14 |     2.52 | 2.55e+04 | 2.5e+36 | 0
| 0	    | 0 	  | PSR J1738-2955 | 17 38 52.2400 | -29 55 51.000 | 358.38 |   0.72 | 0.4433980218     | 8.18610e-14 |     3.46 | 8.58e+04 | 3.7e+34 | 0
| 0	    | 0 	  | PSR J1745-2900 | 17 45 40.1662 | -29 00 29.896 | 359.94 |  -0.05 | 3.763733080      | 1.75600e-11 |     8.30 | 3.40e+03 | 1.3e+34 | 0
| 0	    | 0 	  | PSR J1746-2850 | 17 46 06.6000 | -28 50 42.000 |   0.13 |  -0.04 | 1.0771014910     | 1.34311e-12 |     5.61 | 1.27e+04 | 4.2e+34 | 0
| 0	    | 0 	  | PSR J0742-2822 | 07 42 49.0580 | -28 22 43.760 | 243.77 |  -2.44 | 0.166762291572   | 1.68211e-14 |     2.00 | 1.57e+05 | 1.4e+35 | 0
| 1	    | 1 	  | PSR J1747-2809 | 17 47 22.8000 | -28 09 15.000 |   0.87 |   0.08 | 0.052152855      | 1.55570e-13 |     8.14 | 5.31e+03 | 4.3e+37 | 7.0
| 0	    | 0 	  | PSR J1759-2549 | 17 59 35.1200 | -25 49 07.000 |   4.26 |  -1.08 | 0.95654854873    | 9.95920e-14 |     4.91 | 1.52e+05 | 4.5e+33 | 0
| 0	    | 0 	  | PSR J1755-2534 | 17 55 49.8200 | -25 34 39.000 |   4.05 |  -0.23 | 0.233540625445   | 1.12061e-14 |     4.40 | 3.30e+05 | 3.5e+34 | 0
| 0	    | 0 	  | PSR J1755-2521 | 17 55 59.7100 | -25 21 27.000 |   4.26 |  -0.15 | 1.1759678772     | 9.01930e-14 |     3.44 | 2.07e+05 | 2.2e+33 | 0
| 0	    | 0 	  | PSR J1801-2451 | 18 01 00.0160 | -24 51 27.500 |   5.25 |  -0.88 | 0.124924206569   | 1.27906e-13 |     3.80 | 1.55e+04 | 2.6e+36 | 0
| 0	    | 0 	  | PSR J1757-2421 | 17 57 29.3235 | -24 22 07.400 |   5.28 |   0.05 | 0.23410579125    | 1.30048e-14 |     3.12 | 2.85e+05 | 4.0e+34 | 0
| 0	    | 0 	  | PSR J1809-2332 | 18 09 50.2500 | -23 32 22.680 |   7.39 |  -2.00 | 0.146788548116   | 3.44207e-14 |     0.88 | 6.76e+04 | 4.3e+35 | 0
| 0	    | 0 	  | PSR J1801-2304 | 18 01 19.8149 | -23 04 44.637 |   6.84 |  -0.07 | 0.4158270895435  | 1.12930e-13 |     4.00 | 5.83e+04 | 6.2e+34 | 0
| 0	    | 0 	  | PSR J1756-2225 | 17 56 25.5600 | -22 25 48.000 |   6.84 |   1.24 | 0.40498030096    | 5.26910e-14 |     4.79 | 1.22e+05 | 3.1e+34 | 0
| 0	    | 0 	  | PSR J1801-2154 | 18 01 08.3300 | -21 54 32.000 |   7.83 |   0.55 | 0.375296924221   | 1.59982e-14 |     4.13 | 3.72e+05 | 1.2e+34 | 0
| 1	    | 1 	  | PSR J1803-2137 | 18 03 51.4105 | -21 37 07.351 |   8.40 |   0.15 | 0.13366692025028 | 1.34359e-13 |     4.40 | 1.58e+04 | 2.2e+36 | 28.7
| 0	    | 0 	  | PSR J1806-2125 | 18 06 19.5900 | -21 25 40.000 |   8.84 |  -0.26 | 0.481789349      | 1.21400e-13 |     4.87 | 6.29e+04 | 4.3e+34 | 0
| 0	    | 0 	  | PSR J1741-2054 | 17 41 57.2800 | -20 54 11.800 |   6.42 |   4.91 | 0.41370012084    | 1.69830e-14 |     0.30 | 3.86e+05 | 9.5e+33 | 0
| 0	    | 0		  | PSR J1808-2024 | 18 08 39.3370 | -20 24 39.850 |  10.00 |  -0.24 | 7.55592          | 5.49000e-10 |    13.00 | 2.18e+02 | 5.0e+34 | 0
| 0	    | 0 	  | PSR J1809-1943 | 18 09 51.0870 | -19 43 51.931 |  10.73 |  -0.16 | 5.540742829      | 2.82810e-12 |     3.60 | 3.10e+04 | 6.6e+32 | 0
| 1	    | 1 	  | PSR J1811-1925 | 18 11 29.2000 | -19 25 28.000 |  11.18 |  -0.35 | 0.06466700       | 4.40000e-14 |     5.00 | 2.33e+04 | 6.4e+36 | 52.8
| 1	    | 1 	  | PSR J1809-1917 | 18 09 43.1470 | -19 17 38.100 |  11.09 |   0.08 | 0.082746885746   | 2.55355e-14 |     3.27 | 5.13e+04 | 1.8e+36 | 37.7
| 0	    | 0 	  | PSR J1812-1910 | 18 12 34.8900 | -19 10 39.000 |  11.52 |  -0.46 | 0.43099098078    | 3.77400e-14 |     5.95 | 1.81e+05 | 1.9e+34 | 0
| 0	    | 0 	  | PSR J0729-1836 | 07 29 32.3510 | -18 36 42.750 | 233.76 |  -0.34 | 0.51016034483    | 1.89571e-14 |     2.40 | 4.26e+05 | 5.6e+33 | 0
| 1	    | 1 	  | PSR J1813-1749 | 18 13 35.1660 | -17 49 57.480 |  12.82 |  -0.02 | 0.0446993053     | 1.26550e-13 |     4.70 | 5.60e+03 | 5.6e+37 | 6.0
| 0	    | 0 	  | PSR J1815-1738 | 18 15 14.6720 | -17 38 03.000 |  13.18 |  -0.27 | 0.1984357331818  | 7.78529e-14 |     4.89 | 4.04e+04 | 3.9e+35 | 0
| 0	    | 0 	  | PSR J1820-1529 | 18 20 40.8200 | -15 29 50.000 |  15.68 |  -0.41 | 0.333242850831   | 3.79072e-14 |     5.20 | 1.39e+05 | 4.0e+34 | 0
| 0	    | 0 	  | PSR J0729-1448 | 07 29 16.4500 | -14 48 36.800 | 230.39 |   1.42 | 0.251658714181   | 1.13288e-13 |     2.68 | 3.52e+04 | 2.8e+35 | 0
| 0	    | 0 	  | PSR J1825-1446 | 18 25 02.9551 | -14 46 53.245 |  16.81 |  -1.00 | 0.279186875177   | 2.26784e-14 |     4.44 | 1.95e+05 | 4.1e+34 | 0
| 0	    | 0 	  | PSR J1821-1419 | 18 21 34.3000 | -14 19 26.000 |  16.82 |  -0.04 | 1.6560095697     | 8.94500e-13 |     6.13 | 2.93e+04 | 7.8e+33 | 0
| 1	    | 1 	  | PSR J1826-1334 | 18 26 13.1750 | -13 34 46.800 |  18.00 |  -0.69 | 0.1014867942076  | 7.52517e-14 |     3.61 | 2.14e+04 | 2.8e+36 | 48.3
| 0	    | 0 	  | PSR J1826-1256 | 18 26 08.5300 | -12 56 33.000 |  18.56 |  -0.38 | 0.110223702460   | 1.21451e-13 |     1.55 | 1.44e+04 | 3.6e+36 | 0
| 0	    | 0 	  | PSR J1813-1246 | 18 13 23.7700 | -12 45 59.200 |  17.24 |   2.44 | 0.048072246759   | 1.75637e-14 |     2.63 | 4.34e+04 | 6.2e+36 | 0
| 0	    | 0 	  | PSR J1835-1106 | 18 35 18.2870 | -11 06 15.100 |  21.22 |  -1.51 | 0.1659069781495  | 2.06106e-14 |     3.16 | 1.28e+05 | 1.8e+35 | 0
| 0	    | 0 	  | PSR J1828-1101 | 18 28 18.8490 | -11 01 50.900 |  20.49 |   0.04 | 0.072051632709   | 1.48095e-14 |     4.77 | 7.71e+04 | 1.6e+36 | 0
| 0	    | 0 	  | PSR J1830-1059 | 18 30 47.5660 | -10 59 27.900 |  20.81 |  -0.48 | 0.405043321630   | 6.00251e-14 |     3.15 | 1.07e+05 | 3.6e+34 | 0
| 0	    | 0 	  | PSR J1828-1057 | 18 28 33.2100 | -10 57 26.000 |  20.59 |   0.02 | 0.246327587410   | 2.07007e-14 |     3.65 | 1.89e+05 | 5.5e+34 | 0
| 1	    | 1 	  | PSR J1833-1034 | 18 33 33.5700 | -10 34 07.500 |  21.50 |  -0.89 | 0.06188365001063 | 2.02015e-13 |     4.10 | 4.85e+03 | 3.4e+37 | 4.0
| 0	    | 0 	  | PSR J1831-0952 | 18 31 34.3040 | -09 52 01.700 |  21.90 |  -0.13 | 0.0672668461152  | 8.32385e-15 |     3.68 | 1.28e+05 | 1.1e+36 | 0
| 0	    | 0 	  | PSR J1825-0935 | 18 25 30.6290 | -09 35 22.300 |  21.45 |   1.32 | 0.769005855083   | 5.25018e-14 |     0.30 | 2.32e+05 | 4.6e+33 | 0
| 0	    | 0 	  | PSR J1839-0905 | 18 39 53.4580 | -09 05 14.800 |  23.53 |  -1.59 | 0.418968843399   | 2.60330e-14 |     6.80 | 2.55e+05 | 1.4e+34 | 0
| 1	    | 1 	  | PSR J1833-0827 | 18 33 40.3000 | -08 27 31.250 |  23.39 |   0.06 | 0.0852842512617  | 9.17072e-15 |     4.50 | 1.47e+05 | 5.8e+35 | 25.7
| 0	    | 0 	  | PSR J1832-0827 | 18 32 37.0200 | -08 27 03.640 |  23.27 |   0.30 | 0.64729271838    | 6.38793e-14 |     5.20 | 1.61e+05 | 9.3e+33 | 0
| 0	    | 0 	  | PSR J1843-0806 | 18 43 28.7150 | -08 06 44.900 |  24.81 |  -1.93 | 0.536413665506   | 1.73590e-14 |     4.31 | 4.90e+05 | 4.4e+33 | 0
| 0	    | 0 	  | PSR J1834-0742 | 18 34 31.3200 | -07 42 20.600 |  24.15 |   0.22 | 0.788353566535   | 3.24702e-14 |     4.91 | 3.85e+05 | 2.6e+33 | 0
| 0	    | 0 	  | PSR J1834-0731 | 18 34 16.0000 | -07 31 07.000 |  24.29 |   0.37 | 0.51297990872    | 5.82000e-14 |     4.10 | 1.40e+05 | 1.7e+34 | 0
| 1	    | 1 	  | PSR J1838-0655 | 18 38 03.1300 | -06 55 33.400 |  25.25 |  -0.20 | 0.070498243969   | 4.92500e-14 |     6.60 | 2.27e+04 | 5.5e+36 | 61.9
| 0	    | 0 	  | PSR J1832-0644 | 18 32 42.6700 | -06 44 01.800 |  24.81 |   1.07 | 0.74429541939    | 3.70890e-14 |    10.37 | 3.18e+05 | 3.6e+33 | 0
| 0	    | 0 	  | PSR J1835-0643 | 18 35 05.5610 | -06 43 06.400 |  25.09 |   0.55 | 0.305830097712   | 4.04560e-14 |     5.04 | 1.20e+05 | 5.6e+34 | 0
| 0	    | 0 	  | PSR J1849-0636 | 18 49 06.4350 | -06 37 06.900 |  26.77 |  -2.50 | 1.451319471078   | 4.62398e-14 |     3.85 | 4.97e+05 | 6.0e+32 | 0
| 0	    | 0 	  | PSR J1849-0614 | 18 49 45.1570 | -06 14 31.500 |  27.18 |  -2.47 | 0.95338418817    | 5.38890e-14 |     3.52 | 2.80e+05 | 2.5e+33 | 0
| 0	    | 0 	  | PSR J1837-0604 | 18 37 43.5500 | -06 04 49.000 |  25.96 |   0.26 | 0.09629420774    | 4.51724e-14 |     4.77 | 3.38e+04 | 2.0e+36 | 0
| 0	    | 0 	  | PSR J1838-0549 | 18 38 38.0900 | -05 49 12.000 |  26.30 |   0.18 | 0.235303200419   | 3.34290e-14 |     4.06 | 1.12e+05 | 1.0e+35 | 0
| 0	    | 0 	  | PSR J1844-0538 | 18 44 05.1080 | -05 38 34.190 |  27.07 |  -0.94 | 0.255699268086   | 9.70552e-15 |     5.40 | 4.17e+05 | 2.3e+34 | 0
| 0	    | 0 	  | PSR J1841-0524 | 18 41 49.3200 | -05 24 29.500 |  27.02 |  -0.33 | 0.44574893108    | 2.33724e-13 |     4.12 | 3.02e+04 | 1.0e+35 | 0
| 0	    | 0 	  | PSR J1841-0500 | 18 41 18.1400 | -05 00 19.500 |  27.32 |  -0.03 | 0.91291419632    | 3.47500e-14 |     4.97 | 4.16e+05 | 1.8e+33 | 0
| 0	    | 0 	  | PSR J1841-0456 | 18 41 19.3430 | -04 56 11.160 |  27.39 |  -0.01 | 11.7889784       | 4.09200e-11 |     9.60 | 4.57e+03 | 9.9e+32 | 0
| 0	    | 0 	  | PSR J1838-0453 | 18 38 11.1900 | -04 53 23.000 |  27.07 |   0.71 | 0.38083077683    | 1.15660e-13 |     6.64 | 5.22e+04 | 8.3e+34 | 0
| 0	    | 0 	  | PSR J1841-0425 | 18 41 05.6630 | -04 25 19.500 |  27.82 |   0.28 | 0.1861488579563  | 6.39288e-15 |     4.40 | 4.61e+05 | 3.9e+34 | 0
| 0	    | 0 	  | PSR J1842-0415 | 18 42 11.2890 | -04 15 38.200 |  28.09 |   0.11 | 0.526682241575   | 2.19366e-14 |     3.64 | 3.80e+05 | 5.9e+33 | 0
| 0	    | 0 	  | PSR J1847-0402 | 18 47 22.8428 | -04 02 14.260 |  28.88 |  -0.94 | 0.59779223719    | 5.16968e-14 |     3.42 | 1.83e+05 | 9.6e+33 | 0
| 0	    | 0 	  | PSR J1841-0345 | 18 41 38.6800 | -03 48 42.600 |  28.42 |   0.44 | 0.204068115056   | 5.78720e-14 |     3.78 | 5.59e+04 | 2.7e+35 | 0
| 0	    | 0 	  | PSR J1833-0338 | 18 33 41.9140 | -03 39 04.330 |  27.66 |   2.27 | 0.68670444412    | 4.15653e-14 |     5.17 | 2.62e+05 | 5.1e+33 | 0
| 0	    | 0 	  | PSR J1839-0321 | 18 39 37.5150 | -03 21 10.500 |  28.60 |   1.09 | 0.238777817900   | 1.25200e-14 |     7.86 | 3.02e+05 | 3.6e+34 | 0
| 0	    | 0 	  | PSR J1849-0317 | 18 49 57.8500 | -03 17 31.000 |  29.83 |  -1.17 | 0.66840782878    | 2.20300e-14 |     1.27 | 4.81e+05 | 2.9e+33 | 0
| 0	    | 0 	  | PSR J1845-0316 | 18 45 52.9000 | -03 16 05.000 |  29.39 |  -0.26 | 0.2076357201     | 8.86000e-15 |     5.07 | 3.71e+05 | 3.9e+34 | 0
| 1	    | 1 	  | PSR J1846-0258 | 18 46 24.9400 | -02 58 30.100 |  29.71 |  -0.24 | 0.32657128834    | 7.10745e-12 |     5.80 | 7.28e+02 | 8.1e+36 | 3.0
| 0	    | 0 	  | PSR J1844-0244 | 18 44 44.9750 | -02 44 40.900 |  29.73 |   0.24 | 0.507722322118   | 1.67404e-14 |     4.92 | 4.81e+05 | 5.0e+33 | 0
| 0	    | 0 	  | PSR J1850-0026 | 18 50 14.7140 | -00 26 11.600 |  32.41 |   0.07 | 0.1666339242514  | 3.91017e-14 |     6.71 | 6.75e+04 | 3.3e+35 | 0
| 0	    | 0 	  | PSR J1853-0004 | 18 53 23.0180 | -00 04 32.300 |  33.09 |  -0.47 | 0.1014357461981  | 5.57450e-15 |     5.34 | 2.88e+05 | 2.1e+35 | 0
| 0	    | 0 	  | PSR J1853+0011 | 18 53 29.9680 | +00 11 29.700 |  33.34 |  -0.37 | 0.397881893633   | 3.35381e-14 |     5.81 | 1.88e+05 | 2.1e+34 | 0
| 0	    | 0 	  | PSR J1853+0056 | 18 53 32.6600 | +00 56 59.000 |  34.02 |  -0.04 | 0.27557759958    | 2.13900e-14 |     3.84 | 2.04e+05 | 4.0e+34 | 0
| 0	    | 0 	  | PSR J1856+0113 | 18 56 10.6500 | +01 13 21.300 |  34.56 |  -0.50 | 0.26743960987    | 2.08360e-13 |     3.30 | 2.03e+04 | 4.3e+35 | 0
| 0	    | 0 	  | PSR J1851+0118 | 18 51 52.1800 | +01 18 59.000 |  34.15 |   0.50 | 0.90697686069    | 1.36705e-13 |     5.64 | 1.05e+05 | 7.2e+33 | 0
| 0	    | 0 	  | PSR J1849+0127 | 18 49 44.1800 | +01 27 23.000 |  34.03 |   1.04 | 0.54215548135    | 2.79700e-14 |     4.69 | 3.07e+05 | 6.9e+33 | 0
| 1	    | 1 	  | PSR J1857+0143 | 18 57 33.0080 | +01 43 47.000 |  35.17 |  -0.57 | 0.139760064515   | 3.11674e-14 |     4.57 | 7.10e+04 | 4.5e+35 | 11.9
| 0	    | 0 	  | PSR J1857+0212 | 18 57 43.6420 | +02 12 41.110 |  35.62 |  -0.39 | 0.415823055263   | 4.02719e-14 |     8.00 | 1.64e+05 | 2.2e+34 | 0
| 1	    | 1 	  | PSR J1856+0245 | 18 56 50.9000 | +02 45 47.000 |  36.01 |   0.06 | 0.08090668906    | 6.21170e-14 |     6.32 | 2.06e+04 | 4.6e+36 | 61.9
| 0	    | 0 	  | PSR J1907+0345 | 19 07 14.5430 | +03 45 10.600 |  38.08 |  -1.80 | 0.240153263208   | 8.22200e-15 |     9.49 | 4.63e+05 | 2.3e+34 | 0
| 0	    | 0 	  | PSR J1913+0446 | 19 13 50.8200 | +04 46 06.000 |  39.74 |  -2.79 | 1.61612987171    | 2.78904e-13 |     4.34 | 9.18e+04 | 2.6e+33 | 0
| 0	    | 0 	  | PSR J1901+0510 | 19 01 57.8500 | +05 10 34.000 |  38.74 |   0.03 | 0.61475669408    | 3.11000e-14 |     5.92 | 3.13e+05 | 5.3e+33 | 0
| 0	    | 0 	  | PSR J1855+0527 | 18 55 15.0730 | +05 27 40.700 |  38.23 |   1.64 | 1.39348448168    | 2.67207e-13 |    11.70 | 8.26e+04 | 3.9e+33 | 0
| 0	    | 0 	  | PSR J1903+0601 | 19 03 20.8740 | +06 01 34.000 |  39.65 |   0.11 | 0.374117028251   | 1.92039e-14 |     5.89 | 3.09e+05 | 1.4e+34 | 0
| 1	    | 1 	  | PSR J1907+0602 | 19 07 54.7400 | +06 02 16.900 |  40.18 |  -0.89 | 0.106632746266   | 8.68208e-14 |     2.37 | 1.95e+04 | 2.8e+36 | 41.1
| 0	    | 0 	  | PSR J1905+0616 | 19 05 06.8490 | +06 16 16.700 |  40.07 |  -0.17 | 0.989706023196   | 1.35232e-13 |     4.95 | 1.16e+05 | 5.5e+33 | 0
| 0	    | 0 	  | PSR J1907+0631 | 19 07 03.8160 | +06 31 18.900 |  40.51 |  -0.48 | 0.323648024490   | 4.52155e-13 |     3.40 | 1.13e+04 | 5.3e+35 | 0
| 0	    | 0 	  | PSR J0633+0632 | 06 33 44.2100 | +06 32 34.900 | 205.09 |  -0.93 | 0.29739519058    | 7.95920e-14 |     1.35 | 5.92e+04 | 1.2e+35 | 0
| 0	    | 0 	  | PSR J0922+0638 | 09 22 14.0220 | +06 38 23.300 | 225.42 |  36.39 | 0.430627098928   | 1.37294e-14 |     1.10 | 4.97e+05 | 6.8e+33 | 0
| 0	    | 0 	  | PSR J0627+0706 | 06 27 44.2170 | +07 06 12.700 | 203.91 |  -1.99 | 0.47587411456    | 2.97740e-14 |     2.29 | 2.53e+05 | 1.1e+34 | 0
| 0	    | 0 	  | PSR J1907+0731 | 19 07 54.7900 | +07 31 21.900 |  41.50 |  -0.21 | 0.363676330005   | 1.84160e-14 |     4.99 | 3.13e+05 | 1.5e+34 | 0
| 0	    | 0 	  | PSR J1906+0746 | 19 06 48.8600 | +07 46 25.900 |  41.60 |   0.15 | 0.14407315538    | 2.02678e-14 |     7.40 | 1.13e+05 | 2.7e+35 | 0
| 0	    | 0 	  | PSR J1909+0749 | 19 09 08.2000 | +07 49 32.000 |  41.91 |  -0.34 | 0.23716129322    | 1.51920e-13 |     8.29 | 2.47e+04 | 4.5e+35 | 0
| 0	    | 0 	  | PSR J1904+0800 | 19 04 03.5000 | +08 00 52.600 |  41.50 |   0.86 | 0.263344725870   | 1.73170e-14 |    10.95 | 2.41e+05 | 3.7e+34 | 0
| 0	    | 0 	  | PSR J1913+0832 | 19 13 00.5000 | +08 32 05.100 |  42.98 |  -0.86 | 0.134409003575   | 4.56960e-15 |     8.20 | 4.66e+05 | 7.4e+34 | 0
| 0	    | 0 	  | PSR J1913+0904 | 19 13 21.0610 | +09 04 45.400 |  43.50 |  -0.68 | 0.163245785775   | 1.76167e-14 |     3.00 | 1.47e+05 | 1.6e+35 | 0
| 0	    | 0 	  | PSR J1908+0909 | 19 08 07.4370 | +09 09 12.400 |  42.97 |   0.49 | 0.336554651762   | 3.48712e-14 |     8.87 | 1.53e+05 | 3.6e+34 | 0
| 0	    | 0 	  | PSR J1909+0912 | 19 09 19.9100 | +09 12 53.700 |  43.16 |   0.26 | 0.222949273318   | 3.58050e-14 |     7.61 | 9.87e+04 | 1.3e+35 | 0
| 0	    | 0 	  | PSR J1907+0918 | 19 07 22.4410 | +09 18 30.760 |  43.02 |   0.73 | 0.2261071099878  | 9.42955e-14 |     8.22 | 3.80e+04 | 3.2e+35 | 0
| 0	    | 0 	  | PSR J1846+0919 | 18 46 26.0000 | +09 19 46.000 |  40.69 |   5.34 | 0.2255514533     | 9.93000e-15 |     1.53 | 3.60e+05 | 3.4e+34 | 0
| 0	    | 0 	  | PSR J1903+0925 | 19 03 55.1800 | +09 25 55.000 |  42.74 |   1.54 | 0.35715482026    | 3.68990e-14 |     6.25 | 1.53e+05 | 3.2e+34 | 0
| 0	    | 0 	  | PSR J1740+1000 | 17 40 25.9500 | +10 00 06.300 |  34.01 |  20.27 | 0.154087174313   | 2.14651e-14 |     1.23 | 1.14e+05 | 2.3e+35 | 0
| 0	    | 0 	  | PSR J1915+1009 | 19 15 29.9840 | +10 09 43.670 |  44.71 |  -0.65 | 0.404547474466   | 1.52561e-14 |     7.00 | 4.20e+05 | 9.1e+33 | 0
| 0	    | 0 	  | PSR J1913+1011 | 19 13 20.3410 | +10 11 22.970 |  44.48 |  -0.17 | 0.03590861279827 | 3.36768e-15 |     4.61 | 1.69e+05 | 2.9e+36 | 0
| 0	    | 0 	  | PSR J1912+1036 | 19 12 46.3300 | +10 36 41.600 |  44.79 |   0.15 | 0.409349485862   | 1.57620e-14 |     4.15 | 4.11e+05 | 9.1e+33 | 0
| 0	    | 0 	  | PSR J0631+1036 | 06 31 27.5240 | +10 37 02.500 | 201.22 |   0.45 | 0.287800021959   | 1.04674e-13 |     2.10 | 4.36e+04 | 1.7e+35 | 0
| 0	    | 0 	  | PSR J1907+1149 | 19 07 37.7800 | +11 49 37.100 |  45.29 |   1.83 | 1.42016034143    | 1.59790e-13 |     7.55 | 1.41e+05 | 2.2e+33 | 0
| 0	    | 0 	  | PSR J1916+1225 | 19 16 20.0450 | +12 25 53.940 |  46.81 |   0.23 | 0.227387488792   | 2.34516e-14 |     6.49 | 1.54e+05 | 7.9e+34 | 0
| 0	    | 0 	  | PSR J1917+1353 | 19 17 39.7902 | +13 53 56.950 |  48.26 |   0.62 | 0.194630982798   | 7.19782e-15 |     5.00 | 4.28e+05 | 3.9e+34 | 0
| 1	    | 1 	  | PSR J0659+1414 | 06 59 48.1340 | +14 14 21.500 | 201.11 |   8.26 | 0.3849286234     | 5.49412e-14 |     0.29 | 1.11e+05 | 3.8e+34 | 16.2
| 0	    | 0 	  | PSR J1918+1444 | 19 18 23.6380 | +14 45 06.000 |  49.10 |   0.87 | 1.18102329730    | 2.12364e-13 |     1.30 | 8.81e+04 | 5.1e+33 | 0
| 0	    | 0 	  | PSR J1924+1631 | 19 24 54.8800 | +16 31 48.800 |  51.40 |   0.32 | 2.9351864592     | 3.64212e-13 |    10.19 | 1.28e+05 | 5.7e+32 | 0
| 0	    | 0 	  | PSR J1925+1720 | 19 25 27.0310 | +17 20 27.310 |  52.18 |   0.59 | 0.0756589884532  | 1.04678e-14 |     5.06 | 1.15e+05 | 9.5e+35 | 0
| 0	    | 0 	  | PSR J1922+1733 | 19 22 53.2180 | +17 33 23.470 |  52.08 |   1.23 | 0.2361708772317  | 1.33839e-14 |     5.36 | 2.80e+05 | 4.0e+34 | 0
| 1	    | 1 	  | PSR J0633+1746 | 06 33 54.1530 | +17 46 12.909 | 195.13 |   4.27 | 0.2370994416923  | 1.09709e-14 |     0.19 | 3.42e+05 | 3.2e+34 | 16.2
| 0	    | 0 	  | PSR J1928+1746 | 19 28 42.5530 | +17 46 29.620 |  52.93 |   0.11 | 0.0687304058253  | 1.31907e-14 |     4.34 | 8.26e+04 | 1.6e+36 | 0
| 1	    | 1 	  | PSR J1930+1852 | 19 30 30.1300 | +18 52 14.100 |  54.10 |   0.27 | 0.136855046957   | 7.50570e-13 |     7.00 | 2.89e+03 | 1.2e+37 | 9.0
| 0	    | 0 	  | PSR J1935+2025 | 19 35 41.9410 | +20 25 40.100 |  56.05 |  -0.05 | 0.080118133455   | 6.07579e-14 |     4.60 | 2.09e+04 | 4.7e+36 | 0
| 1	    | 1 	  | PSR J0534+2200 | 05 34 31.9730 | +22 00 52.060 | 184.56 |  -5.78 | 0.0333924123     | 4.20972e-13 |     2.00 | 1.26e+03 | 4.5e+38 | 3.0
| 0	    | 0 	  | PSR J1938+2213 | 19 38 14.1800 | +22 13 12.680 |  57.90 |   0.31 | 0.1661155731566  | 4.24423e-14 |     3.42 | 6.20e+04 | 3.7e+35 | 0
| 0	    | 0 	  | PSR J1932+2220 | 19 32 22.7400 | +22 20 51.500 |  57.36 |   1.55 | 0.14446976514    | 5.75717e-14 |    10.90 | 3.98e+04 | 7.5e+35 | 0
| 0	    | 0 	  | PSR J0614+2229 | 06 14 17.1600 | +22 30 36.000 | 188.79 |   2.40 | 0.33495996611    | 5.94494e-14 |     1.74 | 8.93e+04 | 6.2e+34 | 0
| 0	    | 0 	  | PSR J1940+2245 | 19 40 27.6440 | +22 45 46.620 |  58.63 |   0.13 | 0.258911996567   | 1.27125e-14 |     8.08 | 3.23e+05 | 2.9e+34 | 0
| 0	    | 0 	  | PSR J0543+2329 | 05 43 09.6600 | +23 29 05.000 | 184.36 |  -3.32 | 0.2459747688901  | 1.54227e-14 |     1.56 | 2.53e+05 | 4.1e+34 | 0
| 0	    | 0 	  | PSR J1940+2337 | 19 40 35.4860 | +23 37 46.500 |  59.40 |   0.53 | 0.546824157964   | 7.67965e-14 |     8.47 | 1.13e+05 | 1.9e+34 | 0
| 0	    | 0 	  | PSR J1934+2352 | 19 34 46.1900 | +23 52 55.900 |  58.97 |   1.81 | 0.17843152366    | 1.30699e-13 |    12.20 | 2.16e+04 | 9.1e+35 | 0
| 0	    | 0 	  | PSR J1941+2525 | 19 41 20.8000 | +25 25 05.300 |  61.04 |   1.26 | 2.30615269700    | 1.60835e-13 |    11.16 | 2.27e+05 | 5.2e+32 | 0
| 0	    | 0 	  | PSR J1948+2551 | 19 48 17.5790 | +25 51 51.950 |  62.21 |   0.13 | 0.1966268136138  | 9.02244e-15 |     8.70 | 3.45e+05 | 4.7e+34 | 0
| 0	    | 0 	  | PSR J1946+2611 | 19 46 45.8100 | +26 11 49.200 |  62.32 |   0.60 | 0.4350602546     | 2.19700e-14 |     7.56 | 3.14e+05 | 1.1e+34 | 0
| 0	    | 0 	  | PSR J1954+2836 | 19 54 19.1500 | +28 36 06.000 |  65.24 |   0.38 | 0.0927090547     | 2.11630e-14 |     1.96 | 6.94e+04 | 1.0e+36 | 0
| 0	    | 0 	  | PSR J1958+2846 | 19 58 40.0700 | +28 45 54.000 |  65.88 |  -0.35 | 0.29038924475    | 2.12038e-13 |     1.95 | 2.17e+04 | 3.4e+35 | 0
| 0	    | 0 	  | PSR J2006+3102 | 20 06 11.0000 | +31 02 03.000 |  68.67 |  -0.53 | 0.16369523645    | 2.48720e-14 |     6.03 | 1.04e+05 | 2.2e+35 | 0
| 0	    | 0 	  | PSR J2002+3217 | 20 02 04.4240 | +32 17 18.310 |  69.26 |   0.88 | 0.6967605102     | 1.05139e-13 |     6.46 | 1.05e+05 | 1.2e+34 | 0
| 0	    | 0 	  | PSR J1952+3252 | 19 52 58.2060 | +32 52 40.510 |  68.77 |   2.82 | 0.0395311928548  | 5.84480e-15 |     3.00 | 1.07e+05 | 3.7e+36 | 0
| 0	    | 0 	  | PSR J2004+3429 | 20 04 46.9700 | +34 29 17.700 |  71.42 |   1.57 | 0.24095264193    | 2.06825e-13 |    10.78 | 1.85e+04 | 5.8e+35 | 0
| 0	    | 0 	  | PSR J2030+3641 | 20 30 00.2610 | +36 41 27.150 |  76.12 |  -1.44 | 0.2001285881663  | 6.50010e-15 |     6.95 | 4.88e+05 | 3.2e+34 | 0
| 0	    | 0 	  | PSR J2021+3651 | 20 21 05.4600 | +36 51 04.800 |  75.22 |   0.11 | 0.103740952074   | 9.57209e-14 |     1.80 | 1.72e+04 | 3.4e+36 | 0
| 0	    | 0 	  | PSR J2022+3842 | 20 22 21.6890 | +38 42 14.820 |  76.89 |   0.96 | 0.048578779636   | 8.61000e-14 |    10.00 | 8.94e+03 | 3.0e+37 | 0
| 0	    | 0 	  | PSR J2013+3845 | 20 13 10.3670 | +38 45 43.310 |  75.93 |   2.48 | 0.2301936138595  | 8.85104e-15 |     7.13 | 4.12e+05 | 2.9e+34 | 0
| 0	    | 0 	  | PSR J2021+4026 | 20 21 29.9900 | +40 26 45.100 |  78.23 |   2.09 | 0.26531766093    | 5.46820e-14 |     2.15 | 7.69e+04 | 1.2e+35 | 0
| 0	    | 0 	  | PSR J2032+4127 | 20 32 13.1190 | +41 27 24.310 |  80.22 |   1.03 | 0.14324647       | 1.13000e-14 |     1.33 | 2.01e+05 | 1.5e+35 | 0
| 0	    | 0 	  | PSR J0501+4516 | 05 01 06.7600 | +45 16 33.920 | 161.55 |   1.95 | 5.76209653       | 5.82000e-12 |     2.20 | 1.57e+04 | 1.2e+33 | 0
| 0	    | 0 	  | PSR J0426+4933 | 04 26 06.8130 | +49 33 38.460 | 154.44 |   0.29 | 0.922474730055   | 3.93444e-14 |     1.80 | 3.71e+05 | 2.0e+33 | 0
| 0	    | 0 	  | PSR J0139+5621 | 01 39 38.5600 | +56 21 36.800 | 129.61 |  -5.89 | 1.77534382596    | 7.90960e-14 |     2.41 | 3.56e+05 | 5.6e+32 | 0
| 0	    | 0 	  | PSR J2216+5759 | 22 16 05.2200 | +57 59 53.700 | 103.52 |   1.11 | 0.41910226464    | 6.90480e-14 |     3.59 | 9.62e+04 | 3.7e+34 | 0
| 0	    | 0 	  | PSR J0139+5814 | 01 39 19.7401 | +58 14 31.819 | 129.22 |  -4.04 | 0.272450630950   | 1.07117e-14 |     2.60 | 4.03e+05 | 2.1e+34 | 0
| 0	    | 0 	  | PSR J2240+5832 | 22 40 42.9390 | +58 32 37.520 | 106.57 |  -0.11 | 0.1399345        | 1.53580e-14 |     7.27 | 1.44e+05 | 2.2e+35 | 0
| 0	    | 0 	  | PSR J2238+5903 | 22 38 28.2700 | +59 03 40.800 | 106.56 |   0.48 | 0.162733852990   | 9.70340e-14 |     2.83 | 2.66e+04 | 8.9e+35 | 0
| 0	    | 0 	  | PSR J0117+5914 | 01 17 38.6610 | +59 14 38.390 | 126.28 |  -3.46 | 0.1014390664824  | 5.84996e-15 |     1.77 | 2.75e+05 | 2.2e+35 | 0
| 0	    | 0 	  | PSR J0248+6021 | 02 48 18.6170 | +60 21 34.720 | 136.90 |   0.70 | 0.217094         | 5.50900e-14 |     2.00 | 6.24e+04 | 2.1e+35 | 0
| 0	    | 0 	  | PSR J2229+6114 | 22 29 05.2800 | +61 14 09.300 | 106.65 |   2.95 | 0.05162357393    | 7.82700e-14 |     3.00 | 1.05e+04 | 2.2e+37 | 0
| 0	    | 0 	  | PSR J2337+6151 | 23 37 05.7620 | +61 51 01.530 | 114.28 |   0.23 | 0.495369868028   | 1.93450e-13 |     0.70 | 4.06e+04 | 6.3e+34 | 0
| 0	    | 0 	  | PSR J0157+6212 | 01 57 49.9300 | +62 12 25.900 | 130.59 |   0.33 | 2.35174493646    | 1.88925e-13 |     1.39 | 1.97e+05 | 5.7e+32 | 0
| 1	    | 1 	  | PSR J0205+6449 | 02 05 37.9225 | +64 49 41.334 | 130.72 |   3.08 | 0.06571592849324 | 1.93754e-13 |     3.20 | 5.37e+03 | 2.7e+37 | 5.0
| 1	    | 1 	  | PSR J0007+7303 | 00 07 01.7000 | +73 03 07.400 | 119.66 |  10.46 | 0.3158731909     | 3.60390e-13 |     1.40 | 1.39e+04 | 4.5e+35 | 10.0