Results from heasarc_atnfpulsar: ATNF Pulsar Catalog
Coordinate system:  Equatorial: P>10 ms and Edot > 1e35
|name          |ra           |dec          |period           |period_error|period_dot |period_dot_error|age     |e_dot  |
|PSR J1846-0258|18 46 24.9400|-02 58 30.100|0.32657128834    |     5.0e-11|7.10745e-12|         3.0e-18|7.28e+02|8.1e+36|
|PSR J0534+2200|05 34 31.9730|+22 00 52.060|0.0333924123     |     1.2e-09|4.20972e-13|         3.0e-18|1.26e+03|4.5e+38|
|PSR J1513-5908|15 13 55.8110|-59 08 09.600|0.151581943393   |     5.0e-12|1.52869e-12|         7.0e-20|1.57e+03|1.7e+37|
|PSR J1119-6127|11 19 14.3000|-61 27 49.500|0.40796298356    |     9.0e-11|4.02022e-12|         1.7e-18|1.61e+03|2.3e+36|
|PSR J0540-6919|05 40 11.2020|-69 19 54.170|0.0505697030222  |     1.8e-12|4.78909e-13|         3.0e-19|1.67e+03|1.5e+38|
|PSR J1208-6238|12 08 13.9600|-62 38 03.300|0.440590723652   |     1.4e-11|3.26951e-12|         1.0e-18|2.14e+03|1.5e+36|
|PSR J1124-5916|11 24 39.0000|-59 16 19.000|0.13547685441    |     1.7e-10|7.52566e-13|         1.7e-17|2.85e+03|1.2e+37|
|PSR J1930+1852|19 30 30.1300|+18 52 14.100|0.136855046957   |     9.0e-12|7.50570e-13|         1.0e-17|2.89e+03|1.2e+37|
|PSR J1640-4631|16 40 43.5200|-46 31 35.400|0.2064430480     |     1.8e-09|9.76000e-13|         5.0e-15|3.35e+03|4.4e+36|
|PSR J1023-5746|10 23 02.9000|-57 46 05.000|0.11147243434    |     9.0e-11|3.83749e-13|         1.3e-18|4.60e+03|1.1e+37|
|PSR J1833-1034|18 33 33.5700|-10 34 07.500|0.06188365001063 |     1.2e-13|2.02015e-13|         4.0e-21|4.85e+03|3.4e+37|
|PSR J1838-0537|18 38 56.0200|-05 37 09.000|0.1457077402     |     3.0e-10|4.71790e-13|         3.0e-17|4.89e+03|6.0e+36|
|PSR J0537-6910|05 37 47.4160|-69 10 19.880|0.0161222220245  |     4.0e-13|5.17843e-14|         1.1e-20|4.93e+03|4.9e+38|
|PSR J1747-2809|17 47 22.8000|-28 09 15.000|0.052152855      |     2.0e-09|1.55570e-13|         3.0e-17|5.31e+03|4.3e+37|
|PSR J0205+6449|02 05 37.9225|+64 49 41.334|0.06571592849324 |     9.0e-14|1.93754e-13|         4.0e-21|5.37e+03|2.7e+37|
|PSR J1813-1749|18 13 35.1660|-17 49 57.480|0.0446993053     |     6.0e-10|1.26550e-13|         7.0e-17|5.60e+03|5.6e+37|
|PSR J1357-6429|13 57 02.4300|-64 29 30.200|0.166108327507   |     1.4e-11|3.60184e-13|         1.4e-18|7.31e+03|3.1e+36|
|PSR J1614-5048|16 14 11.2900|-50 48 03.500|0.23169383623    |     8.0e-11|4.94943e-13|         1.7e-17|7.42e+03|1.6e+36|
|PSR J1617-5055|16 17 29.3000|-50 55 13.200|0.069356847      |     3.0e-09|1.35100e-13|         2.0e-16|8.13e+03|1.6e+37|
|PSR J2022+3842|20 22 21.6890|+38 42 14.820|0.048578779636   |     2.4e-11|8.61000e-14|         2.0e-16|8.94e+03|3.0e+37|
|PSR J1418-6058|14 18 42.7000|-60 57 49.000|0.110573011690   |     1.3e-11|1.69394e-13|         1.0e-17|1.03e+04|4.9e+36|
|PSR J2229+6114|22 29 05.2800|+61 14 09.300|0.05162357393    |     6.0e-11|7.82700e-14|         2.0e-17|1.05e+04|2.2e+37|
|PSR J1301-6305|13 01 45.7600|-63 05 33.900|0.18452809509    |     6.0e-11|2.66747e-13|         3.0e-18|1.10e+04|1.7e+36|
|PSR J0835-4510|08 35 20.6115|-45 10 34.875|0.089328385024   |     4.0e-12|1.25008e-13|         1.6e-17|1.13e+04|6.9e+36|
|PSR J1907+0631|19 07 03.8160|+06 31 18.900|0.323648024490   |     1.9e-11|4.52155e-13|         1.2e-18|1.13e+04|5.3e+35|
|PSR J1844-0346|18 44 32.8900|-03 46 30.600|0.112854649905   |     1.1e-11|1.54703e-13|         7.0e-19|1.16e+04|4.2e+36|
|PSR J1341-6220|13 41 42.6300|-62 20 20.700|0.193339746306   |     1.9e-11|2.53107e-13|         3.0e-18|1.21e+04|1.4e+36|
|PSR J1400-6325|14 00 45.6900|-63 25 42.600|0.0311816011     |     3.0e-10|3.89000e-14|         6.0e-17|1.27e+04|5.1e+37|
|PSR J1420-6048|14 20 08.2370|-60 48 16.430|0.06817987659    |     2.0e-11|8.31670e-14|         3.0e-18|1.30e+04|1.0e+37|
|PSR J1413-6141|14 13 09.8700|-61 41 13.000|0.28562462018    |     1.6e-10|3.33440e-13|         1.5e-16|1.36e+04|5.6e+35|
|PSR J0007+7303|00 07 01.7000|+73 03 07.400|0.3158731909     |     3.0e-10|3.60390e-13|         5.0e-17|1.39e+04|4.5e+35|
|PSR J1826-1256|18 26 08.5300|-12 56 33.000|0.110223702460   |     4.0e-12|1.21451e-13|         1.3e-19|1.44e+04|3.6e+36|
|PSR J1801-2451|18 01 00.0160|-24 51 27.500|0.124924206569   |     8.0e-12|1.27906e-13|         5.0e-19|1.55e+04|2.6e+36|
|PSR J1803-2137|18 03 51.4105|-21 37 07.351|0.13366692025028 |     1.7e-13|1.34359e-13|         1.7e-20|1.58e+04|2.2e+36|
|PSR J1702-4310|17 02 26.9400|-43 10 40.000|0.24052386477    |     4.0e-11|2.23776e-13|         1.8e-18|1.70e+04|6.3e+35|
|PSR J2021+3651|20 21 05.4600|+36 51 04.800|0.103740952074   |     4.0e-12|9.57209e-14|         7.0e-19|1.72e+04|3.4e+36|
|PSR J1709-4429|17 09 42.7280|-44 29 08.240|0.102459245929   |     8.0e-12|9.29845e-14|         1.3e-19|1.75e+04|3.4e+36|
|PSR J2111+4606|21 11 24.1300|+46 06 31.300|0.157829924735   |     1.0e-11|1.43039e-13|         8.0e-19|1.75e+04|1.4e+36|
|PSR J2004+3429|20 04 46.9700|+34 29 17.700|0.24095264193    |     1.0e-11|2.06825e-13|         4.0e-18|1.85e+04|5.8e+35|
|PSR J1907+0602|19 07 54.7400|+06 02 16.900|0.106632746266   |     5.0e-12|8.68208e-14|         3.0e-19|1.95e+04|2.8e+36|
|PSR J1856+0113|18 56 10.6516|+01 13 21.000|0.26743960987    |     7.0e-11|2.08360e-13|         6.0e-19|2.03e+04|4.3e+35|
|PSR J1048-5832|10 48 13.0500|-58 32 06.200|0.123725343351   |     4.0e-12|9.61217e-14|         4.0e-19|2.04e+04|2.0e+36|
|PSR J1856+0245|18 56 50.9000|+02 45 47.000|0.08090668906    |     4.0e-11|6.21170e-14|         4.0e-18|2.06e+04|4.6e+36|
|PSR J1935+2025|19 35 41.9410|+20 25 40.100|0.080118133455   |     6.0e-12|6.07579e-14|         1.0e-19|2.09e+04|4.7e+36|
|PSR J1016-5857|10 16 21.1600|-58 57 12.100|0.1073864584588  |     1.5e-12|8.08342e-14|         6.0e-19|2.10e+04|2.6e+36|
|PSR J1826-1334|18 26 13.1750|-13 34 46.800|0.1014867942076  |     3.0e-13|7.52517e-14|         1.0e-20|2.14e+04|2.8e+36|
|PSR J1934+2352|19 34 46.1900|+23 52 55.900|0.17843152366    |     2.0e-11|1.30699e-13|         2.0e-18|2.16e+04|9.1e+35|
|PSR J1958+2846|19 58 40.0700|+28 45 54.000|0.29038924475    |     5.0e-11|2.12038e-13|         1.7e-17|2.17e+04|3.4e+35|
|PSR J1838-0655|18 38 03.1300|-06 55 33.400|0.070498243969   |     5.4e-11|4.92500e-14|         2.9e-16|2.27e+04|5.5e+36|
|PSR J1135-6055|11 35 00.0000|-60 55 00.000|0.114943         |     0.0e+00|7.93000e-14|         0.0e+00|2.30e+04|2.1e+36|
|PSR J1811-1925|18 11 29.2000|-19 25 28.000|0.06466700       |     2.0e-08|4.40000e-14|         4.0e-16|2.33e+04|6.4e+36|
|PSR J1909+0749|19 09 08.2000|+07 49 32.000|0.23716129322    |     9.0e-11|1.51920e-13|         9.0e-18|2.47e+04|4.5e+35|
|PSR J1410-6132|14 10 24.0000|-61 32 00.000|0.0500519462     |     0.0e+00|3.20000e-14|         0.0e+00|2.48e+04|1.0e+37|
|PSR J1747-2958|17 47 15.8820|-29 58 01.000|0.0988139764825  |     2.0e-12|6.13233e-14|         1.0e-19|2.55e+04|2.5e+36|
|PSR J1730-3350|17 30 32.5590|-33 50 39.000|0.139460211250   |     1.8e-11|8.48294e-14|         1.8e-19|2.60e+04|1.2e+36|
|PSR J2238+5903|22 38 28.2700|+59 03 40.800|0.162733852990   |     1.1e-11|9.70340e-14|         6.0e-18|2.66e+04|8.9e+35|
|PSR J1524-5625|15 24 49.8600|-56 25 23.400|0.078218548881   |     5.0e-12|3.89500e-14|         1.9e-19|3.18e+04|3.2e+36|
|PSR J1646-4346|16 46 51.3000|-43 46 38.000|0.23160332930    |     9.0e-11|1.12753e-13|         4.0e-18|3.25e+04|3.6e+35|
|PSR J1112-6103|11 12 14.8100|-61 03 31.100|0.064961851894   |     3.0e-12|3.14596e-14|         1.3e-18|3.27e+04|4.5e+36|
|PSR J1837-0604|18 37 43.5500|-06 04 49.000|0.09629420774    |     3.0e-11|4.51724e-14|         8.0e-19|3.38e+04|2.0e+36|
|PSR J0729-1448|07 29 16.4500|-14 48 36.800|0.251658714181   |     1.3e-11|1.13288e-13|         4.0e-19|3.52e+04|2.8e+35|
|PSR J1932+1916|19 32 19.7000|+19 16 39.000|0.208214903876   |     1.4e-11|9.31735e-14|         5.0e-19|3.54e+04|4.1e+35|
|PSR J1907+0918|19 07 22.4410|+09 18 30.760|0.2261071099878  |     6.0e-13|9.42955e-14|         4.0e-19|3.80e+04|3.2e+35|
|PSR J1015-5719|10 15 37.9600|-57 19 12.800|0.139881677595   |     4.0e-12|5.73680e-14|         1.2e-18|3.86e+04|8.3e+35|
|PSR J1932+2220|19 32 22.7419|+22 20 51.000|0.14446976514    |     3.0e-11|5.75717e-14|         3.0e-19|3.98e+04|7.5e+35|
|PSR J1044-5737|10 44 32.8000|-57 37 19.300|0.13902889110    |     4.0e-11|5.46280e-14|         4.0e-18|4.03e+04|8.0e+35|
|PSR J1815-1738|18 15 14.6700|-17 38 06.830|0.198456978776   |     4.0e-12|7.77681e-14|         5.0e-19|4.04e+04|3.9e+35|
|PSR J1637-4642|16 37 13.7500|-46 42 14.200|0.15404659921    |     1.0e-10|5.93000e-14|         3.0e-18|4.12e+04|6.4e+35|
|PSR J0940-5428|09 40 58.2200|-54 28 40.600|0.087545204308   |     4.0e-12|3.28683e-14|         1.0e-18|4.22e+04|1.9e+36|
|PSR J1849-0001|18 49 01.6320|-00 01 17.450|0.038522586319205|     1.5e-14|1.41565e-14|         1.1e-19|4.31e+04|9.8e+36|
|PSR J1813-1246|18 13 23.7700|-12 45 59.200|0.048072246759   |     7.0e-12|1.75637e-14|         3.0e-19|4.34e+04|6.2e+36|
|PSR J0631+1036|06 31 27.5240|+10 37 02.500|0.287800021959   |     9.0e-12|1.04674e-13|         1.7e-18|4.36e+04|1.7e+35|
|PSR J1906+0722|19 06 31.2000|+07 22 55.800|0.1115241364978  |     1.3e-12|3.58790e-14|         3.0e-20|4.92e+04|1.0e+36|
|PSR J1412-6145|14 12 07.6300|-61 45 28.480|0.31525843337    |     1.3e-10|9.90330e-14|         4.0e-18|5.04e+04|1.2e+35|
|PSR J1809-1917|18 09 43.1360|-19 17 38.100|0.082755269706   |     6.0e-12|2.55302e-14|         1.4e-19|5.14e+04|1.8e+36|
|PSR J1522-5735|15 22 05.3000|-57 35 00.000|0.10213598087    |     4.0e-11|3.12390e-14|         3.0e-18|5.18e+04|1.2e+36|
|PSR J1055-6028|10 55 39.1900|-60 28 37.500|0.099660833480   |     3.0e-12|2.95322e-14|         5.0e-19|5.35e+04|1.2e+36|
|PSR J1702-4128|17 02 52.5200|-41 28 48.200|0.182135802939   |     6.0e-12|5.23448e-14|         3.0e-19|5.51e+04|3.4e+35|
|PSR J1841-0345|18 41 38.6800|-03 48 42.600|0.204068115056   |     1.7e-11|5.78720e-14|         3.0e-18|5.59e+04|2.7e+35|
|PSR J0633+0632|06 33 44.2100|+06 32 34.900|0.29739519058    |     7.0e-11|7.95920e-14|         3.0e-18|5.92e+04|1.2e+35|
|PSR J1429-5911|14 29 58.6000|-59 11 36.600|0.11584261008    |     3.0e-11|3.05000e-14|         3.0e-18|6.02e+04|7.7e+35|
|PSR J1406-6121|14 06 50.0400|-61 21 27.900|0.213074653776   |     1.4e-11|5.47010e-14|         3.0e-18|6.17e+04|2.2e+35|
|PSR J1938+2213|19 38 14.1800|+22 13 12.680|0.1661155731566  |     6.0e-13|4.24423e-14|         5.0e-19|6.20e+04|3.7e+35|
|PSR J0248+6021|02 48 18.6170|+60 21 34.720|0.217094         |     5.0e-06|5.50900e-14|         5.0e-17|6.24e+04|2.1e+35|
|PSR J1541-5535|15 41 49.6000|-55 35 01.000|0.29583755345    |     9.0e-11|7.50200e-14|         3.0e-17|6.25e+04|1.1e+35|
|PSR J1413-6205|14 13 29.9000|-62 05 38.000|0.10974069969    |     3.0e-11|2.76800e-14|         4.0e-18|6.28e+04|8.3e+35|
|PSR J1105-6107|11 05 26.1400|-61 07 48.940|0.0632021309179  |     8.0e-13|1.58446e-14|         8.0e-20|6.32e+04|2.5e+36|
|PSR J1459-6053|14 59 29.9900|-60 53 20.700|0.103150638274   |     1.1e-11|2.52704e-14|         6.0e-19|6.47e+04|9.1e+35|
|PSR J1850-0026|18 50 14.7140|-00 26 11.600|0.1666339242514  |     2.0e-12|3.91017e-14|         2.0e-18|6.75e+04|3.3e+35|
|PSR J1809-2332|18 09 50.2500|-23 32 22.680|0.146788548116   |     7.0e-12|3.44207e-14|         3.0e-19|6.76e+04|4.3e+35|
|PSR J1954+2836|19 54 19.1500|+28 36 06.000|0.0927090547     |     3.0e-10|2.11630e-14|         4.0e-18|6.94e+04|1.0e+36|
|PSR J1636-4440|16 36 16.5300|-44 40 25.000|0.20664850874    |     3.0e-11|4.67150e-14|         4.0e-18|7.01e+04|2.1e+35|
|PSR J1857+0143|18 57 33.0080|+01 43 47.000|0.139760064515   |     4.0e-12|3.11674e-14|         1.2e-18|7.10e+04|4.5e+35|
|PSR J0359+5414|03 59 26.0100|+54 14 55.700|0.0794272322920  |     1.3e-12|1.67336e-14|         7.0e-20|7.52e+04|1.3e+36|
|PSR J2021+4026|20 21 29.9900|+40 26 45.100|0.26531766093    |     5.0e-11|5.46820e-14|         3.0e-18|7.69e+04|1.2e+35|
|PSR J1828-1101|18 28 18.8000|-11 01 50.830|0.07205652531    |     7.0e-11|1.47972e-14|         1.1e-19|7.72e+04|1.6e+36|
|PSR J1928+1746|19 28 42.5530|+17 46 29.620|0.0687304058253  |     2.0e-13|1.31907e-14|         6.0e-21|8.26e+04|1.6e+36|
|PSR J1803-2149|18 03 09.6320|-21 49 13.000|0.106332094095   |     3.0e-12|1.95139e-14|         7.0e-20|8.63e+04|6.4e+35|
|PSR J1718-3825|17 18 13.5650|-38 25 18.060|0.0746699205656  |     4.0e-13|1.32217e-14|         7.0e-20|8.95e+04|1.3e+36|
|PSR J1028-5819|10 28 28.0000|-58 19 05.200|0.0914032309     |     1.4e-09|1.61000e-14|         8.0e-16|9.00e+04|8.3e+35|
|PSR J1531-5610|15 31 27.9010|-56 10 55.330|0.084206064052   |     3.0e-12|1.37939e-14|         1.0e-19|9.67e+04|9.1e+35|
|PSR J1909+0912|19 09 19.9100|+09 12 53.700|0.222949273318   |     1.5e-11|3.58050e-14|         5.0e-18|9.87e+04|1.3e+35|
|PSR J2006+3102|20 06 11.0000|+31 02 03.000|0.16369523645    |     9.0e-11|2.48720e-14|         9.0e-18|1.04e+05|2.2e+35|
|PSR J1952+3252|19 52 58.2060|+32 52 40.510|0.0395311928548  |     1.1e-12|5.84480e-15|         8.0e-21|1.07e+05|3.7e+36|
|PSR J1648-4611|16 48 22.0430|-46 11 15.750|0.164957688311   |     6.0e-12|2.37335e-14|         1.4e-18|1.10e+05|2.1e+35|
|PSR J1732-3131|17 32 33.5400|-31 31 23.000|0.196543154965   |     2.0e-11|2.80483e-14|         1.2e-18|1.11e+05|1.5e+35|
|PSR J0908-4913|09 08 35.4290|-49 13 05.060|0.1067690370814  |     1.2e-12|1.51013e-14|         5.0e-20|1.12e+05|4.9e+35|
|PSR J1906+0746|19 06 48.8600|+07 46 25.900|0.14407315538    |     5.0e-11|2.02678e-14|         1.9e-18|1.13e+05|2.7e+35|
|PSR J1437-5959|14 37 01.9100|-59 59 01.400|0.0616961234035  |     9.0e-13|8.58700e-15|         5.0e-19|1.14e+05|1.4e+36|
|PSR J1740+1000|17 40 25.9500|+10 00 06.300|0.154087174313   |     2.0e-12|2.14651e-14|         2.0e-19|1.14e+05|2.3e+35|
|PSR J1817-1742|18 17 09.0340|-17 42 01.100|0.1497440393996  |     1.6e-12|2.05811e-14|         9.0e-20|1.15e+05|2.4e+35|
|PSR J1925+1720|19 25 27.0310|+17 20 27.310|0.0756589884532  |     1.1e-12|1.04678e-14|         1.1e-19|1.15e+05|9.5e+35|
|PSR J1101-6101|11 01 44.9600|-61 01 39.600|0.062800077      |     6.0e-09|8.60000e-15|         6.0e-16|1.16e+05|1.4e+36|
|PSR J1019-5749|10 19 52.1400|-57 49 05.900|0.162498709997   |     8.0e-12|2.00770e-14|         3.0e-18|1.28e+05|1.8e+35|
|PSR J1831-0952|18 31 34.3040|-09 52 01.700|0.0672668461152  |     1.4e-12|8.32385e-15|         3.0e-20|1.28e+05|1.1e+36|
|PSR J1835-1106|18 35 18.4100|-11 06 16.100|0.16591763484    |     3.0e-11|2.05892e-14|         5.0e-19|1.28e+05|1.8e+35|
|PSR J1650-4601|16 50 18.6200|-46 01 18.600|0.1271228933094  |     1.7e-12|1.51447e-14|         5.0e-20|1.33e+05|2.9e+35|
|PSR J0855-4644|08 55 36.1800|-46 44 13.400|0.0646861308252  |     4.0e-13|7.26269e-15|         3.0e-20|1.41e+05|1.1e+36|
|PSR J1105-6037|11 05 00.4800|-60 37 16.300|0.194938267113   |     4.0e-12|2.18372e-14|         8.0e-20|1.41e+05|1.2e+35|
|PSR J1052-5954|10 52 38.1100|-59 54 44.100|0.180591500693   |     1.0e-11|1.99831e-14|         1.7e-18|1.43e+05|1.3e+35|
|PSR J2240+5832|22 40 42.9390|+58 32 37.520|0.1399345        |     2.0e-06|1.53580e-14|         3.0e-18|1.44e+05|2.2e+35|
|PSR J1833-0827|18 33 40.2680|-08 27 31.600|0.085288151397   |     3.0e-12|9.17697e-15|         6.0e-20|1.47e+05|5.8e+35|
|PSR J1913+0904|19 13 21.0610|+09 04 45.400|0.163245785775   |     1.1e-11|1.76167e-14|         8.0e-19|1.47e+05|1.6e+35|
|PSR J1138-6207|11 38 21.6200|-62 07 59.300|0.117563794023   |     3.0e-12|1.24784e-14|         5.0e-19|1.49e+05|3.0e+35|
|PSR J1509-5850|15 09 27.1560|-58 50 56.010|0.088924862943   |     6.0e-12|9.16633e-15|         1.3e-19|1.54e+05|5.1e+35|
|PSR J0742-2822|07 42 49.0580|-28 22 43.760|0.166762291572   |     2.0e-11|1.68211e-14|         1.4e-19|1.57e+05|1.4e+35|
|PSR J1151-6108|11 51 56.8600|-61 08 17.600|0.101633196293   |     2.0e-12|1.02784e-14|         1.0e-18|1.57e+05|3.9e+35|
|PSR J1739-3023|17 39 39.7900|-30 23 12.920|0.114371728447   |     1.8e-11|1.13951e-14|         3.0e-20|1.59e+05|3.0e+35|
|PSR J1913+1011|19 13 20.3410|+10 11 22.970|0.03590861279827 |     1.5e-13|3.36768e-15|         6.0e-20|1.69e+05|2.9e+36|
|PSR J2032+4127|20 32 13.1190|+41 27 24.310|0.14324647       |     1.9e-07|1.13000e-14|         3.0e-16|2.01e+05|1.5e+35|
|PSR J0734-1559|07 34 00.0000|-15 59 00.000|0.156250         |     0.0e+00|1.22000e-14|         0.0e+00|2.03e+05|1.3e+35|
|PSR J1350-6225|13 50 44.4500|-62 25 43.800|0.1381577782128  |     1.2e-12|8.88351e-15|         4.0e-20|2.46e+05|1.3e+35|
|PSR J0117+5914|01 17 38.6600|+59 14 38.400|0.1014390664824  |     2.0e-12|5.84996e-15|         1.7e-20|2.75e+05|2.2e+35|
|PSR J1412+7922|14 12 55.8670|+79 22 03.895|0.058199071070   |     1.8e-11|3.29134e-15|         3.0e-19|2.80e+05|6.6e+35|
|PSR J1853-0004|18 53 23.0270|-00 04 33.400|0.1014371027339  |     3.0e-13|5.57283e-15|         6.0e-20|2.88e+05|2.1e+35|
|PSR J1512-5759|15 12 43.0400|-57 59 59.800|0.128698573047   |     3.0e-12|6.85270e-15|         4.0e-21|2.98e+05|1.3e+35|
|PSR J0002+6216|00 02 58.1700|+62 16 09.400|0.1153635682680  |     1.4e-12|5.96703e-15|         7.0e-20|3.06e+05|1.5e+35|
|PSR J1359-6038|13 59 58.2480|-60 38 07.550|0.1275084662167  |     4.0e-13|6.33028e-15|         1.2e-20|3.19e+05|1.2e+35|
|PSR J1623-5005|16 23 04.1100|-50 05 15.100|0.0850721461634  |     8.0e-13|4.16118e-15|         3.0e-20|3.24e+05|2.7e+35|
|PSR J1302-6350|13 02 47.6383|-63 50 08.629|0.0477625075     |     4.0e-10|2.27870e-15|         1.2e-18|3.32e+05|8.3e+35|
|PSR J1538-5551|15 38 45.0160|-55 51 36.950|0.1046759019619  |     5.0e-13|3.20705e-15|         7.0e-20|5.17e+05|1.1e+35|